C:\Users\LYUAN\BST\VVWM\Outputs\VVWMinputBST
Acetaminophen
1
TRUE
42
0.0462
25
0.00513
25
0
41.983
0



151
0
0







0
55000
2
Crop
C:\Users\LYUAN\BST\VVWM\MetData\94846.wea
41.983


TRUE




0.0000000059928
TRUE, 0.5
0.05
0.6
1.85
0.04
5
0.006
1.19
30
0.005
0.04
5
0.4



40
91,456,821,1187,1552,1917,2282,2648,3013,3378,3743,4108,4473,4839,5204,5569,5934,6300,6665,7030,7395,7760,8125,8491,8856,9221,9586,9952,10317,10682,11047,11412,11777,12143,12508,12873,13238,13604,13969,14334,14699,15064,15429,15795
3
323750
52555
2.74
2.74
1.16374387819527E-10,1.11244323538377E-10,1.07160378202763E-10,9.43688151132366E-11,9.38488318513519E-11,7.28276871970598E-11,1.02000613858191E-10,1.45791720325857E-10,9.26302172550929E-11,1.53415498554238E-10,1.44295087255908E-10,1.08688743257508E-10,1.32912978841463E-10,8.64907784624833E-11,9.0237102058564E-11,1.08550507398302E-10,7.48675714765559E-11,1.40527645129755E-10,6.68267418479226E-11,1.38607607430154E-10,1.33553931435119E-10,9.24295430821433E-11,1.26804197805046E-10,1.15198460204807E-10,8.31312792196095E-11,1.05718683563293E-10,1.10496615505876E-10,1.31678983947947E-10,1.04741725175524E-10,1.04904175396377E-10,1.17506264024172E-10,8.06026529099316E-11,1.20532872463488E-10,1.01418454627943E-10,6.08321348659846E-11,9.19574263912818E-11,1.04904311334577E-10,1.46704606870081E-10,9.60544452629905E-11,1.57214701387135E-10,7.92871501396409E-16,1.21334791724689E-19,3.57325397781332E-24,9.3977127895818E-29
30
0
0.5
FALSE
FALSE, 0
"C:\Users\LYUAN\BST\VVWM\Outputs\VVWMinputBST_Reservoir_Parent_Daily.csv"
,,
,,
"C:\Users\LYUAN\BST\VVWM\Outputs\VVWMinputBST_Reservoir_Parent_Analysis.csv"
,,
,,
,,
,,
,,
,,
,,
,,
,,
,,
,,
,,
,,
,,
