C:\Users\LYUAN\BST_R\vvwm\outputs\VVWMInputBST
Benzo(a)pyrene
1
TRUE
631000
0.0116
25
0.00128
25
31
40.0167
0



252.32
0
0







0.00001868
17000
2
Crop
C:\Users\LYUAN\BST_R\vvwm\metdata\94018.wea
40.0167


TRUE




0.0000000081667
TRUE, 0.5 
0.05
0.6
1.85
0.04
5
0.006
1.19
30
0.005
0.04
5
0.4



40
91, 456, 821, 1187, 1552, 1917, 2282, 2648, 3013, 3378, 3743, 4109, 4474, 4839, 5204, 5570, 5935, 6300, 6665, 7031, 7396, 7761, 8126, 8492, 8857, 9222, 9587, 9953, 10318, 10683, 11048, 11414, 11779, 12144, 12509, 12875, 13240, 13605, 13970, 14336, 14701, 15066, 15431, 15797, 16162, 16527, 16892, 17258, 17623, 17988, 18353, 18719, 19084, 19449, 19814, 20180, 20545, 20910, 21275, 21641, 22006, 22371, 22736, 23102, 23467, 23832, 24197, 24563, 24928, 25293, 25658, 26024, 26389, 26754, 27119, 27485, 27850, 28215, 28580, 28946, 29311, 29676, 30041, 30407
2
323750
10000
2
2
0.000004575732, 0.000007333261, 0.000008349886, 0.000008771363, 0.000008894132, 0.000008929808, 0.000008967789, 0.000008994593, 0.000008996769, 0.000009015192, 0.000008976301, 0.000009064363, 0.000009023463, 0.000009034632, 0.000008996421, 0.000008969635, 0.000008983355, 0.000009000672, 0.000008999143, 0.000009016119, 0.000008976662, 0.000009064505, 0.000009023519, 0.000009034654, 0.000008996429, 0.000008969639, 0.000008983356, 0.000009000673, 0.000008999144, 0.000009016119, 0.000008976662, 0.000009064505, 0.000009023519, 0.000009034654, 0.000008996429, 0.000008969639, 0.000008983356, 0.000009000673, 0.000008999144, 0.000009016119, 0.0000003984264, 0.0000001542096, 0.00000005906406, 0.00000002284587, 0.000000008702086, 0.000000003323222, 0.000000001280321, 0.0000000004910067, 0.0000000001893065, 0.00000000007284357, 0.00000000002777679, 0.00000000001078046, 0.00000000000414013, 0.000000000001605677, 0.0000000000006132154, 0.0000000000002347913, 0.00000000000009069248, 0.00000000000003487014, 0.00000000000001347814, 0.00000000000000519925, 0.000000000000001987476, 0.0000000000000007732601, 0.0000000000000002976751, 0.000000000000000115723, 0.00000000000000004429818, 0.00000000000000001700034, 0.000000000000000006581791, 0.000000000000000002536334, 0.0000000000000000009825314, 0.0000000000000000003798451, 0.0000000000000000001455129, 0.00000000000000000005673552, 0.00000000000000000002188644, 0.000000000000000000008526021, 0.00000000000000000000327029, 0.000000000000000000001257541, 0.0000000000000000000004878269, 0.0000000000000000000001883513, 0.00000000000000000000007310269, 0.00000000000000000000002831419, 0.00000000000000000000001086663, 0.000000000000000000000004244628, 0.000000000000000000000001640311, 0.0000000000000000000000003930422
30
0
0.5
FALSE
FALSE, 0
C:\Users\LYUAN\BST_R\vvwm\outputs\Pond_daily.csv
, ,
, ,
C:\Users\LYUAN\BST_R\vvwm\outputs\Pond_parent.csv
, ,
, ,
, ,
, ,
, ,
, ,
, ,
, ,
, ,
, ,
, ,
, ,
, ,
, ,
