C:\Users\LYUAN\BST\VVWM\Outputs\VVWMinputBST
Benzo(a)pyrene
1
TRUE
631000
0.0116
25
0.00128
25
31
40.0167
0



252.32
0
0







0.00001868
17000
2
Crop
C:\Users\LYUAN\BST\VVWM\MetData\94018.wea
40.0167


TRUE




0.0000000081667
TRUE, 0.5
0.05
0.6
1.85
0.04
5
0.006
1.19
30
0.005
0.04
5
0.4



40
91,456,821,1187,1552,1917,2282,2648,3013,3378,3743,4108,4473,4839,5204,5569,5934,6300,6665,7030,7395,7760,8125,8491,8856,9221,9586,9952,10317,10682,11047,11412,11777,12143,12508,12873,13238,13604,13969,14334,14699,15064,15429,15795,16160,16525,16890,17256,17621,17986,18351,18716,19081,19447,19812,20177,20542,20908,21273,21638,22003,22368,22733,23099,23464,23829,24194,24560,24925,25290,25655,26020,26385,26751,27116,27481,27846,28212,28577,28942,29307,29672,30037,30403,30768
2
323750
10000
2
2
4.57573169108007E-06,7.33326110846745E-06,8.34988601593685E-06,8.7713626291393E-06,8.89413226251854E-06,8.92980806294748E-06,8.96778913986425E-06,8.99459331570221E-06,8.99676891197951E-06,9.01519155276158E-06,8.9763011012204E-06,9.0643628818788E-06,9.02346343904176E-06,9.03463216413294E-06,8.99642055859261E-06,8.96963534276825E-06,8.98335450462196E-06,9.00067204541504E-06,8.99914333538387E-06,9.0161187206767E-06,8.97666177034903E-06,9.06450476237421E-06,9.02351864521161E-06,9.0346537416119E-06,8.99642894210554E-06,8.96963860699815E-06,8.98335578035383E-06,9.00067254362559E-06,8.99914352999076E-06,9.01611879666707E-06,8.97666179990938E-06,9.06450477400265E-06,9.02351864973632E-06,9.03465374338037E-06,8.99642894279262E-06,8.96963860726571E-06,8.98335578045836E-06,9.0006725436664E-06,8.99914353000671E-06,9.01611879667328E-06,3.98426438490701E-07,1.54209587094182E-07,5.90640634016993E-08,2.28458677114055E-08,8.70208568081385E-09,3.32322153283748E-09,1.28032066747871E-09,4.91006702942629E-10,1.89306528209198E-10,7.28435696629842E-11,2.77767907595015E-11,1.07804637345651E-11,4.14012999656319E-12,1.60567679014467E-12,6.13215362364132E-13,2.34791303943831E-13,9.06924814930482E-14,3.48701365834402E-14,1.34781435399037E-14,5.19925049981529E-15,1.98747555598481E-15,7.73260133986779E-16,2.97675120263686E-16,1.15722967275198E-16,4.42981762419359E-17,1.70003445110853E-17,6.58179058755344E-18,2.53633366159949E-18,9.82531391158187E-19,3.79845055035711E-19,1.45512864851637E-19,5.67355226841572E-20,2.18864359771514E-20,8.52602049916187E-21,3.2702896774005E-21,1.25754134853177E-21,4.87826917998411E-22,1.88351300196237E-22,7.31026932185296E-23,2.8314194883193E-23,1.08666339628485E-23,4.24462774547434E-24,1.64031114706699E-24,3.93042214343888E-25,0
30
0
0.5
FALSE
FALSE, 0
"C:\Users\LYUAN\BST\VVWM\Outputs\VVWMinputBST_Pond_Parent_Daily.csv"
,,
,,
"C:\Users\LYUAN\BST\VVWM\Outputs\VVWMinputBST_Pond_Parent_Analysis.csv"
,,
,,
,,
,,
,,
,,
,,
,,
,,
,,
,,
,,
,,
,,
