161,6.64,4.37,.00146,0.00127,6,15.4,-1.4 
261,10.95,4.5,.00377,0.0013,7,19.3,-0.3 
361,15.72,4.35,.00479,0.00195,6,22.4, 7.8 
461,15.71,5.05,.00489,0.00265,5,22.7, 10.7 
561,20.55,3.59,.0043,0.00212,6,24.9, 14.8 
661,24.12,3.85,.00579,0.00269,7,27.4, 17 
761,26.33,3.39,.00547,0.00265,6,29.6, 22.7 
861,25.42,3.13,.00498,0.00197,7,27.6, 22.3 
961,24.14,3.23,.00253,0.00238,5,27.4, 17.1 
1061,17.01,3.34,.0014,0.00175,3,22.4, 10.2 
1161,14.72,3.22,.00136,0.00148,5,22.9, 3.9 
1261,10.14,3.6,.00117,0.0013,5,20.5,-0.2 
162,8.12,4.09,.00295,0.00122,7,18.6,-3.4 
262,12.95,4.03,.00117,0.00166,6,21.9, 3 
362,11.43,4.51,.00647,0.00166,7,19.7, 1.5 
462,16.73,4.33,.00215,0.00237,4,23.9, 7.9 
562,23.74,3.27,.00149,0.00291,5,28.7, 18.4 
662,23.96,3.16,.01361,0.00224,7,26.1, 22.8 
762,26.5,3.33,.00486,0.0031,6,29.2, 24 
862,25.43,2.99,.00947,0.00245,6,27.8, 22.9 
962,22.75,3.22,.00323,0.00221,6,26.7, 16.1 
1062,18.82,3.4,.00267,0.0021,5,25.6, 7 
1162,11.7,4.75,.00171,0.0015,6,18.6, 6.7 
1262,7.24,4.18,.0012,0.00116,5,15.4,-6.2 
164,8.79,3.96,.00535,0.00118,7,18.1,-1.7 
264,8.52,4.72,.00554,0.00159,6,14.2, 3.9 
364,14.21,4.62,.00361,0.00208,7,20.7, 6.7 
464,18.57,4.24,.00231,0.00234,7,24.8, 11.5 
564,22.29,4.08,.00391,0.00321,5,28.1, 16.7 
664,26.14,3.83,.00589,0.00331,6,30, 22.5 
764,25.04,3.57,.01514,0.00223,8,26.7, 22.9 
864,25.8,3.46,.0063,0.00272,7,28.7, 22.6 
964,23.85,3.83,.00349,0.00277,5,27.9, 18.5 
1064,16.43,3.95,.00617,0.00188,5,26, 10.4 
1164,15.32,3.81,.00045,0.00199,5,20.9, 6.7 
1264,11.59,4.21,.00248,0.00156,7,21.5, 0.1 
170,5.17,3.72,.00206,0.00102,6,18,-6 
270,9.01,4.03,.0026,0.00145,6,16.1,-0.6 
370,13.99,4.44,.00633,0.00188,7,20.2, 5 
470,18.73,4.2,.00114,0.00267,7,25.1, 11.8 
570,22.03,3.82,.0031,0.00301,5,25.9, 14 
670,25.12,3.98,.00082,0.00386,6,30.1, 20.6 
770,27.07,4.05,.00488,0.00407,7,29.5, 25.1 
870,26.23,3.55,.00872,0.00304,7,29.7, 22.3 
970,24.43,3.27,.00215,0.00243,4,27.5, 15.1 
1070,19.21,3.49,.00336,0.00193,6,22.8, 9.6 
1170,11.91,3.05,.00057,0.00119,4,18.4,-2.1 
1270,10.99,3.53,.00238,0.00129,4,18.3, 2.3 
171,9.9,3.84,.00448,0.00145,6,20.8, 0.2 
271,9.66,3.89,.00428,0.00133,6,20.3,-1.2 
371,11.11,4.57,.00332,0.00172,5,18.2, 3.5 
471,17.1,4.02,.00348,0.00256,5,23.5, 7.2 
571,21.55,3.9,.00341,0.00303,6,25.8, 14.3 
671,26.15,3.2,.00345,0.00312,6,28.9, 23.6 
771,26.1,3.33,.00497,0.00275,8,28.4, 24.1 
871,25.51,3.16,.01339,0.00225,7,27.6, 23.8 
971,24.41,3.69,.00046,0.00282,5,26, 21.6 
1071,20.88,3.81,.00593,0.00177,7,25.4, 14 
1171,13.32,3.71,.00137,0.00157,4,24.3, 4.6 
1271,14.55,4.3,.00188,0.00153,7,20.3, 4.5 
172,12.32,4.09,.00339,0.00108,7,19.6,-3.9 
272,8.81,5.06,.00454,0.00145,7,17.6, 2.1 
372,13.69,4.69,.00207,0.00207,5,19.5, 6 
472,17.52,4.43,.00003,0.00273,5,25.2, 6.7 
572,20.34,4.5,.00465,0.00274,7,23.8, 15.8 
672,23.11,4.33,.00449,0.00343,5,26.3, 19 
772,26.06,3.89,.00145,0.0036,6,29.1, 20.3 
872,26.04,3.63,.00371,0.0031,6,29, 23.1 
972,23.95,3.54,.00155,0.00262,4,28.3, 19 
1072,19.0,4.15,.00022,0.00253,5,24.9, 8.4 
1172,13.66,3.73,.00623,0.00155,6,23.2, 4.2 
1272,12.6,3.55,.00359,0.00095,7,19.9,-0.3 
173,8.72,4.23,.00377,0.00125,7,18.5,-0.8 
273,7.7,4.77,.00506,0.00133,6,18.3,-2.8 
373,15.83,4.81,.00505,0.00199,7,22.6, 9 
473,16.62,4.88,.00216,0.00261,5,21.4, 8.3 
573,21.69,4.26,.00151,0.00322,6,27.2, 16.2 
673,25.33,3.42,.02307,0.00264,7,28.6, 22.8 
773,27.47,3.33,.00296,0.00356,6,29.3, 26.1 
873,26.35,3.65,.00547,0.00333,6,29.1, 22.1 
973,25.73,3.71,.00672,0.00304,5,27.4, 23.8 
1073,20.37,3.77,.00053,0.00253,4,25.7, 12.8 
1173,16.09,3.45,.00072,0.00186,4,21.8, 5.3 
1273,10.7,4.28,.00376,0.00144,5,20.7, 0.3 
174,15.95,4.03,.00117,0.00166,7,21, 5.9 
274,10.95,4.62,.00269,0.00183,5,19.6, 0.7 
374,16.04,4.67,.00249,0.0026,5,23.7, 7.1 
474,17.6,4.69,.00073,0.00294,5,23.5, 10.4 
574,22.91,4.3,.00396,0.00346,7,29, 16.5 
674,23.81,3.65,.00801,0.00293,7,29.7, 21 
774,25.24,3.14,.00254,0.00271,6,27.7, 22.8 
874,25.38,2.67,.01392,0.00218,7,27.6, 22.9 
974,23.2,3.11,.00408,0.0021,7,26.7, 15.8 
1074,15.99,3.15,.00033,0.00165,3,22, 8.5 
1174,12.69,3.5,.00321,0.00147,5,21.8, 5.4 
1274,10.3,3.87,.00247,0.00123,7,18.5, 2.9 
178,5.95,4.59,.00354,0.00116,6,18.4,-1.8 
278,5.63,4.12,.00166,0.00115,5,10.7,-0.6 
378,12.59,4.23,.00267,0.00166,6,18.9, 2.3 
478,18.67,4.34,.00167,0.00269,5,23.4, 11.2 
578,21.98,3.78,.00384,0.00249,6,26.3, 14.7 
678,25.52,3.66,.0029,0.00315,6,30, 22.1 
778,26.73,3.85,.00508,0.0039,6,28.8, 23.8 
878,26.65,3.05,.00329,0.00299,6,28.9, 24.8 
978,24.41,3.26,.00429,0.00255,7,27.8, 20.1 
1078,18.23,3.61,.00016,0.00205,4,22.7, 12.7 
1178,16.88,3.63,.00159,0.0017,7,22.2, 9.8 
1278,11.58,4.08,.0034,0.00154,6,23, 3.8 
179,7.46,4.55,.00281,0.00143,6,18.5,-2.7 
279,7.73,4.05,.00276,0.00111,7,18.2,-2.3 
379,13.68,4.17,.00247,0.00188,5,19.1, 7.6 
479,18.17,3.98,.00323,0.00238,6,22.6, 12.8 
579,22.07,3.68,.00664,0.00254,7,26.3, 16.7 
679,24.07,3.88,.0019,0.00312,6,28, 20.2 
779,27.25,3.48,.00685,0.00361,8,29.9, 22.3 
879,26.57,2.94,.00074,0.00277,5,29.8, 22 
979,24.15,4.22,.01302,0.00231,9,28.5, 17.8 
1079,18.39,3.4,.00318,0.00186,3,23.8, 11.9 
1179,14.65,3.2,.00279,0.00125,5,22.8, 1.7 
1279,8.72,3.06,.00215,0.00094,5,18.1, 1.9 
180,8.99,3.76,.00327,0.00103,7,15.5, 1.4 
280,7.3,4.21,.0011,0.00139,6,19.5,-1.9 
380,12.46,4.54,.00656,0.00164,7,19.4,-5 
480,17.77,4.37,.00291,0.00253,5,24.2, 13 
580,21.42,3.5,.0048,0.00214,6,25.1, 15.2 
680,25.32,3.83,.00267,0.00329,6,29.8, 21.9 
780,27.41,3.31,.00571,0.00323,5,30.8, 23.2 
880,27.16,3.51,.00061,0.00345,5,29.9, 23.7 
980,25.56,3.21,.00221,0.00282,6,28.8, 18.5 
1080,17.88,3.48,.00126,0.00212,5,24.7, 10.8 
1180,12.76,3.84,.00186,0.00134,6,18.7, 6.1 
1280,8.31,3.55,.00103,0.0010,6,17.6,-0.9 
181,5.18,3.61,.00076,0.00106,5,12.6,-4.2 
281,10.38,4.16,.00204,0.00173,6,16.5, 0 
381,12.34,4.27,.00196,0.00196,5,19.4, 5.9 
481,19.37,4.25,.00159,0.00276,6,24.8, 12.8 
581,21.33,4.36,.00331,0.00332,6,26.9, 15.1 
681,27.59,3.9,.00512,0.00391,6,31.3, 23.2 
781,27.98,3.09,.01038,0.0028,7,31.4, 23.3 
881,26.04,3.62,.00763,0.00294,8,29.7, 22.5 
981,23.33,2.73,.00108,0.00218,4,26.5, 17.7 
1081,17.62,3.92,.0016,0.00246,5,25.5, 11.8 
1181,12.64,3.7,.0009,0.00172,5,19.7, 3.9 
1281,7.85,3.84,.0047,0.00102,6,18.2,-3.2 
182,7.11,3.98,.00179,0.00114,6,17.1,-6.5 
282,10.33,3.75,.00331,0.0011,7,18.6, 1.8 
382,14.36,3.49,.00104,0.00156,7,22.6, 5.5 
482,16.19,3.79,.00552,0.0019,7,21.1, 8.1 
582,21.85,2.2,.00249,0.00188,6,26.8, 16.7 
682,25.43,2.86,.00777,0.00263,7,28.5, 21.3 
782,26.45,2.81,.00443,0.00263,7,28.2, 24.3 
882,26.02,3.25,.00337,0.00279,6,28.8, 23.1 
982,22.87,3.21,.00332,0.0022,7,27.1, 18.3 
1082,17.84,3.76,.0020,0.00163,6,23.4, 7.8 
1182,15.59,3.92,.00101,0.00166,6,21.8, 7.6 
1282,13.44,3.96,.00345,0.00146,7,21.9, 1.9 
184,7.59,3.76,.0042,0.00082,7,15.7,-0.1 
284,11.46,3.87,.00308,0.00142,6,18, 1.7 
384,14.11,4.17,.00462,0.00188,5,20.6, 4.4 
484,17.48,4.17,.00533,0.00218,6,23.1, 11.3 
584,21.83,3.85,.00565,0.00286,5,26, 15.9 
684,25.57,3.03,.00251,0.00298,4,29.4, 19.4 
784,25.88,3.33,.0040,0.00295,7,28.4, 23.3 
884,26.58,2.93,.00161,0.00299,6,29.4, 22.2 
984,22.17,3.82,.00447,0.00268,6,27.1, 15.4 
1084,21.14,2.95,.00137,0.00171,4,24.8, 13.8 
1184,11.96,3.59,.00118,0.00136,5,21.5, 3.8 
1284,13.38,2.83,.00055,0.00102,5,19.1, 0 
185,5.73,4.21,.00072,0.00109,5,19.6,-8.8 
285,9.87,4.38,.00246,0.00149,7,19.8, 1.9 
385,15.65,4.38,.00124,0.00265,5,22.9, 7.6 
485,19.54,3.97,.00095,0.00294,4,26.2, 10.8 
585,22.7,3.92,.00229,0.00312,6,26.3, 16.3 
685,26.16,3.98,.00595,0.00395,7,30.7, 22.4 
785,26.51,3.31,.00989,0.00292,7,29.8, 23.9 
885,25.94,3.37,.00696,0.00275,6,28, 23.3 
985,23.75,3.73,.00215,0.00282,5,28.7, 17.4 
1085,21.83,3.94,.00377,0.00178,7,26.4, 14.6 
1185,19.0,3.53,.00466,0.00138,7,23.7, 10.9 
1285,8.36,3.71,.00099,0.00115,4,19.3,-3 
186,7.56,3.61,.00169,0.00106,5,16,-5.5 
286,12.74,3.74,.00379,0.00135,6,17.6, 1.7 
386,14.11,4.17,.0022,0.00187,5,21.8, 4.6 
486,18.8,4.21,.00071,0.00292,3,24.3, 11.1 
586,22.94,3.81,.00077,0.00297,6,27.5, 16.7 
686,26.71,3.99,.00213,0.00327,7,29.2, 23.1 
786,29.03,3.65,.00416,0.00417,6,31.9, 25.8 
886,26.05,3.71,.01099,0.00271,7,29.1, 15.6 
986,25.05,3.44,.0039,0.00238,5,28, 21.2 
1086,19.83,3.58,.00242,0.00206,6,27.9, 12.8 
1186,16.96,3.63,.00342,0.00114,8,22.9, 4.3 
1286,11.13,3.74,.00428,0.00119,7,19.9, 4.7 
187,8.36,4.33,.00588,0.00124,6,16.1, 1.3 
287,9.09,4.59,.00416,0.00129,7,17.3, 3.4 
387,13.3,4.58,.00455,0.00191,6,21.1, 4.8 
487,16.69,4.51,.00111,0.00262,4,23.4, 7.1 
587,22.44,3.25,.00189,0.00239,5,24.9, 14.4 
687,25.98,3.78,.00479,0.00301,7,27.8, 23.3 
787,27.79,3.52,.0024,0.00361,5,30.4, 24.6 
887,27.65,3.62,.00572,0.00338,6,30, 25.2 
987,24.63,3.06,.01227,0.00212,6,27.7, 20.8 
1087,15.98,3.48,.00046,0.00197,4,20.7, 10.5 
1187,14.96,3.43,.0031,0.00141,5,21.6, 5.2 
1287,11.85,3.24,.0013,0.0012,5,19.5, 3.9 
189,12.61,3.47,.00218,0.00135,7,18.7, 6.1 
289,12.3,4.06,.00107,0.00145,7,20.4, 0.6 
389,14.83,4.26,.00236,0.00183,7,22, 1.5 
489,18.26,3.9,.0041,0.00252,6,26.9, 7.2 
589,22.32,3.84,.00176,0.00328,6,29.6, 15.9 
689,26.25,3.55,.00615,0.00313,7,28.6, 22.4 
789,27.4,3.3,.00159,0.00318,7,30.6, 24.5 
889,26.25,2.91,.00753,0.00253,7,30.7, 19.9 
989,24.06,3.55,.01131,0.00228,8,28, 16.6 
1089,19.89,3.66,.00335,0.00232,6,25.8, 8.5 
1189,15.4,3.49,.00157,0.00166,5,21.7, 4.7 
1289,5.78,4.11,.00389,0.00102,6,16,-7.5 
